----------callback_num: 0 start-------------

---------Moving on to next marker--------

(cloud:25037): GLib-GObject-CRITICAL **: 12:20:57.231: g_object_unref: assertion 'G_IS_OBJECT (object)' failed

(cloud:25037): GLib-GObject-CRITICAL **: 12:20:58.948: g_object_unref: assertion 'G_IS_OBJECT (object)' failed
Line coefficients are:
-0.777232
-0.385359
  1.93417
-0.607752
 0.793723
0.0253211
Line coefficients are:
-0.651671
-0.402106
  2.04368
 0.625261
 0.548246
-0.555405
Line coefficients are:
-0.664886
 0.118048
  1.95065
 0.603666
-0.796272
0.0392338
Line coefficients are:
  -1.00864
-0.0279886
   1.94613
  0.780337
  0.622742
 0.0571455
Distance between the corners:
0.332066
0.505096
0.395382
0.516193
---------Moving on to next marker--------
Line coefficients are:
-0.0853035
-0.0228622
   2.00766
  0.583046
 -0.804605
  0.112551
Line coefficients are:
 0.294345
-0.331157
  2.07592
 0.784501
 0.620035
0.0107271
Line coefficients are:
 0.251437
 0.191657
  2.04722
 0.589795
-0.800228
 0.108524
Line coefficients are:
-0.0430355
 0.0468711
   2.03203
  0.805501
  0.591696
 0.0326333
Distance between the corners:
0.403135
0.495758
0.399265
0.510748
Num points is:8
mu_lidar: 
-0.259605
-0.104363
  2.00364
mu_camera: 
-0.187452
0.0544087
  2.00262
lidar_centered: 
  -0.43209  -0.184818   -0.46609  -0.775225   0.454947   0.769902   0.476873   0.156505
  -0.32734    -0.1165   0.301657  0.0554631  -0.305957 -0.0550065   0.342335   0.105346
-0.0124638 -0.0808138 -0.0468738 -0.0590838  0.0645962  0.0831662  0.0381162  0.0133562

camera_centered: 
 -0.537425  -0.147548  -0.397939  -0.787817   0.398557   0.786615   0.536806   0.148748
 -0.351041 -0.0388081   0.272764 -0.0394688  -0.272985  0.0421369   0.351261  0.0361396
-0.0188775 -0.0413675 -0.0564275 -0.0339375  0.0550025  0.0654425  0.0203025  0.0098625

covariance matrix: 
     2.1219   0.0636013    0.197435
   0.143729    0.404783 -0.00319998
   0.155045  -0.0203443   0.0181296
Rotation matrix: 
   0.99938 -0.0301827  0.0181395
 0.0297489   0.999276  0.0237278
-0.0188425 -0.0231735   0.999554
Rotation in Euler angles: 
1.70517
1.07974
-1.3282
Translation: 
   0.032496
   0.118877
-0.00744244
RMSE: 0.083445
Rigid-body transformation: 
    0.99938  -0.0301827   0.0181395    0.032496
  0.0297489    0.999276   0.0237278    0.118877
 -0.0188425  -0.0231735    0.999554 -0.00744244
          0           0           0           1
----------callback_num: 0 successful-------------

[ WARN] [1573273330.877066998]: Messages of type 0 arrived out of order (will print only once)




----------callback_num: 0 start-------------

---------Moving on to next marker--------

(cloud:26628): GLib-GObject-CRITICAL **: 12:27:43.790: g_object_unref: assertion 'G_IS_OBJECT (object)' failed

(cloud:26628): GLib-GObject-CRITICAL **: 12:27:43.834: g_object_unref: assertion 'G_IS_OBJECT (object)' failed

(cloud:26628): GLib-GObject-CRITICAL **: 12:27:45.311: g_object_unref: assertion 'G_IS_OBJECT (object)' failed
Line coefficients are:
 -0.783455
 -0.389854
   1.95264
  -0.58613
  0.810181
0.00763338
Line coefficients are:
 -0.637731
 -0.381421
   1.95484
  0.787076
  0.616301
-0.0261597
Line coefficients are:
 -0.667178
   0.11826
   1.96245
  0.608924
 -0.793226
0.00205122
Line coefficients are:
  -1.01307
-0.0286131
   1.95728
  0.801266
  0.597794
 0.0247944
Distance between the corners:
0.403733
0.500781
0.389589
0.510124
---------Moving on to next marker--------
Line coefficients are:
-0.0903643
-0.0251609
   2.05182
  0.602646
 -0.797752
 -0.020253
Line coefficients are:
  0.19202
-0.396479
  2.04242
 0.804625
 0.582856
 0.113395
Line coefficients are:
 0.249005
 0.190926
  2.03345
 0.595431
-0.786787
 0.162566
Line coefficients are:
-0.0429287
 0.0470455
   2.02201
  0.781662
   0.62324
  0.024032
Distance between the corners:
0.40615
0.514809
0.400754
0.49309
Num points is:8
mu_lidar: 
-0.262317
-0.104505
  2.00407
mu_camera: 
-0.187066
0.0544091
  2.00251
lidar_centered: 
 -0.472287  -0.154402  -0.459168  -0.771363   0.453129   0.778204    0.46966    0.15623
 -0.352737   -0.10384   0.293426  0.0605149  -0.292851 -0.0556087   0.350307   0.100787
-0.0490363 -0.0486663 -0.0397863 -0.0477963  0.0382437  0.0930137  0.0218837  0.0321437

camera_centered: 
 -0.536821  -0.146722  -0.396877  -0.786976   0.397826   0.786001   0.535871   0.147696
 -0.350961 -0.0390409   0.272757 -0.0391638   -0.27298  0.0420991   0.351185  0.0361053
-0.0183612 -0.0413512 -0.0556713 -0.0326712  0.0554588  0.0621688  0.0185688  0.0118588

covariance matrix: 
   2.13215  0.0829074   0.191666
  0.156395   0.409778  0.0124515
  0.149904 -0.0195402  0.0153803
Rotation matrix: 
  0.999565 -0.0252613  0.0152511
 0.0242914   0.997858  0.0607458
 -0.016753 -0.0603489   0.998037
Rotation in Euler angles: 
 1.39223
0.959991
-3.46058
Translation: 
  0.0419319
  0.0433239
-0.00832188
RMSE: 0.0735948
Rigid-body transformation: 
   0.999565  -0.0252613   0.0152511   0.0419319
  0.0242914    0.997858   0.0607458   0.0433239
  -0.016753  -0.0603489    0.998037 -0.00832188
          0           0           0           1
----------callback_num: 0 successful-------------

[ WARN] [1573273733.210693553]: Messages of type 0 arrived out of order (will print only once)

